-----------------------------------------------------------------------
-                              PREDICTIONS                            -
-----------------------------------------------------------------------
|   INSTANTZIA ZENB    |    REAL     |   PREDICTED   |    ERROR (*)   |
-----------------------------------------------------------------------
|           1          |     NaN     |       1       |       *        |
|           2          |     NaN     |       1       |       *        |
|           3          |     NaN     |       1       |       *        |
|           4          |     NaN     |       1       |       *        |
|           5          |     NaN     |       1       |       *        |
|           6          |     NaN     |       1       |       *        |
|           7          |     NaN     |       1       |       *        |
|           8          |     NaN     |       1       |       *        |
|           9          |     NaN     |       1       |       *        |
|          10          |     NaN     |       1       |       *        |
|          11          |     NaN     |       1       |       *        |
|          12          |     NaN     |       1       |       *        |
|          13          |     NaN     |       1       |       *        |
|          14          |     NaN     |       1       |       *        |
|          15          |     NaN     |       1       |       *        |
|          16          |     NaN     |       1       |       *        |
|          17          |     NaN     |       1       |       *        |
|          18          |     NaN     |       1       |       *        |
|          19          |     NaN     |       1       |       *        |
|          20          |     NaN     |       1       |       *        |
|          21          |     NaN     |       1       |       *        |
|          22          |     NaN     |       1       |       *        |
|          23          |     NaN     |       1       |       *        |
|          24          |     NaN     |       1       |       *        |
|          25          |     NaN     |       1       |       *        |
|          26          |     NaN     |       1       |       *        |
|          27          |     NaN     |       1       |       *        |
|          28          |     NaN     |       0       |       *        |
|          29          |     NaN     |       1       |       *        |
|          30          |     NaN     |       1       |       *        |
|          31          |     NaN     |       1       |       *        |
|          32          |     NaN     |       1       |       *        |
|          33          |     NaN     |       1       |       *        |
|          34          |     NaN     |       1       |       *        |
|          35          |     NaN     |       1       |       *        |
|          36          |     NaN     |       1       |       *        |
|          37          |     NaN     |       1       |       *        |
|          38          |     NaN     |       1       |       *        |
|          39          |     NaN     |       0       |       *        |
|          40          |     NaN     |       1       |       *        |
|          41          |     NaN     |       1       |       *        |
|          42          |     NaN     |       1       |       *        |
|          43          |     NaN     |       1       |       *        |
|          44          |     NaN     |       1       |       *        |
|          45          |     NaN     |       1       |       *        |
|          46          |     NaN     |       1       |       *        |
|          47          |     NaN     |       1       |       *        |
|          48          |     NaN     |       1       |       *        |
|          49          |     NaN     |       0       |       *        |
|          50          |     NaN     |       1       |       *        |
|          51          |     NaN     |       1       |       *        |
|          52          |     NaN     |       1       |       *        |
|          53          |     NaN     |       1       |       *        |
|          54          |     NaN     |       1       |       *        |
|          55          |     NaN     |       1       |       *        |
|          56          |     NaN     |       1       |       *        |
|          57          |     NaN     |       0       |       *        |
|          58          |     NaN     |       1       |       *        |
|          59          |     NaN     |       1       |       *        |
|          60          |     NaN     |       1       |       *        |
|          61          |     NaN     |       1       |       *        |
|          62          |     NaN     |       1       |       *        |
|          63          |     NaN     |       1       |       *        |
|          64          |     NaN     |       1       |       *        |
|          65          |     NaN     |       0       |       *        |
|          66          |     NaN     |       1       |       *        |
|          67          |     NaN     |       1       |       *        |
|          68          |     NaN     |       0       |       *        |
|          69          |     NaN     |       1       |       *        |
|          70          |     NaN     |       1       |       *        |
|          71          |     NaN     |       1       |       *        |
|          72          |     NaN     |       1       |       *        |
|          73          |     NaN     |       1       |       *        |
|          74          |     NaN     |       1       |       *        |
|          75          |     NaN     |       1       |       *        |
|          76          |     NaN     |       1       |       *        |
|          77          |     NaN     |       1       |       *        |
|          78          |     NaN     |       0       |       *        |
|          79          |     NaN     |       1       |       *        |
|          80          |     NaN     |       1       |       *        |
|          81          |     NaN     |       1       |       *        |
|          82          |     NaN     |       1       |       *        |
|          83          |     NaN     |       1       |       *        |
|          84          |     NaN     |       1       |       *        |
|          85          |     NaN     |       1       |       *        |
|          86          |     NaN     |       1       |       *        |
|          87          |     NaN     |       0       |       *        |
|          88          |     NaN     |       1       |       *        |
|          89          |     NaN     |       1       |       *        |
|          90          |     NaN     |       1       |       *        |
|          91          |     NaN     |       1       |       *        |
|          92          |     NaN     |       1       |       *        |
|          93          |     NaN     |       1       |       *        |
|          94          |     NaN     |       1       |       *        |
|          95          |     NaN     |       1       |       *        |
|          96          |     NaN     |       1       |       *        |
|          97          |     NaN     |       1       |       *        |
|          98          |     NaN     |       1       |       *        |
|          99          |     NaN     |       1       |       *        |
|         100          |     NaN     |       1       |       *        |
|         101          |     NaN     |       1       |       *        |
|         102          |     NaN     |       1       |       *        |
|         103          |     NaN     |       0       |       *        |
|         104          |     NaN     |       1       |       *        |
|         105          |     NaN     |       1       |       *        |
|         106          |     NaN     |       1       |       *        |
|         107          |     NaN     |       1       |       *        |
|         108          |     NaN     |       1       |       *        |
|         109          |     NaN     |       1       |       *        |
|         110          |     NaN     |       0       |       *        |
|         111          |     NaN     |       1       |       *        |
|         112          |     NaN     |       1       |       *        |
|         113          |     NaN     |       1       |       *        |
|         114          |     NaN     |       1       |       *        |
|         115          |     NaN     |       1       |       *        |
|         116          |     NaN     |       1       |       *        |
|         117          |     NaN     |       1       |       *        |
|         118          |     NaN     |       1       |       *        |
|         119          |     NaN     |       1       |       *        |
|         120          |     NaN     |       1       |       *        |
|         121          |     NaN     |       1       |       *        |
|         122          |     NaN     |       1       |       *        |
|         123          |     NaN     |       1       |       *        |
|         124          |     NaN     |       1       |       *        |
|         125          |     NaN     |       1       |       *        |
|         126          |     NaN     |       0       |       *        |
|         127          |     NaN     |       1       |       *        |
|         128          |     NaN     |       1       |       *        |
|         129          |     NaN     |       1       |       *        |
|         130          |     NaN     |       1       |       *        |
|         131          |     NaN     |       1       |       *        |
|         132          |     NaN     |       1       |       *        |
|         133          |     NaN     |       1       |       *        |
|         134          |     NaN     |       1       |       *        |
|         135          |     NaN     |       1       |       *        |
|         136          |     NaN     |       1       |       *        |
|         137          |     NaN     |       1       |       *        |
|         138          |     NaN     |       0       |       *        |
|         139          |     NaN     |       1       |       *        |
|         140          |     NaN     |       0       |       *        |
|         141          |     NaN     |       1       |       *        |
|         142          |     NaN     |       1       |       *        |
|         143          |     NaN     |       1       |       *        |
|         144          |     NaN     |       1       |       *        |
|         145          |     NaN     |       1       |       *        |
|         146          |     NaN     |       1       |       *        |
|         147          |     NaN     |       0       |       *        |
|         148          |     NaN     |       1       |       *        |
|         149          |     NaN     |       0       |       *        |
|         150          |     NaN     |       1       |       *        |
|         151          |     NaN     |       1       |       *        |
|         152          |     NaN     |       0       |       *        |
|         153          |     NaN     |       0       |       *        |
|         154          |     NaN     |       1       |       *        |
|         155          |     NaN     |       0       |       *        |
|         156          |     NaN     |       1       |       *        |
|         157          |     NaN     |       1       |       *        |
|         158          |     NaN     |       1       |       *        |
|         159          |     NaN     |       1       |       *        |
|         160          |     NaN     |       0       |       *        |
|         161          |     NaN     |       1       |       *        |
|         162          |     NaN     |       1       |       *        |
|         163          |     NaN     |       1       |       *        |
|         164          |     NaN     |       1       |       *        |
|         165          |     NaN     |       0       |       *        |
|         166          |     NaN     |       0       |       *        |
|         167          |     NaN     |       1       |       *        |
|         168          |     NaN     |       1       |       *        |
|         169          |     NaN     |       1       |       *        |
|         170          |     NaN     |       1       |       *        |
|         171          |     NaN     |       1       |       *        |
|         172          |     NaN     |       1       |       *        |
|         173          |     NaN     |       1       |       *        |
|         174          |     NaN     |       1       |       *        |
|         175          |     NaN     |       1       |       *        |
|         176          |     NaN     |       1       |       *        |
|         177          |     NaN     |       1       |       *        |
|         178          |     NaN     |       1       |       *        |
|         179          |     NaN     |       0       |       *        |
|         180          |     NaN     |       1       |       *        |
|         181          |     NaN     |       1       |       *        |
|         182          |     NaN     |       1       |       *        |
|         183          |     NaN     |       1       |       *        |
|         184          |     NaN     |       1       |       *        |
|         185          |     NaN     |       1       |       *        |
|         186          |     NaN     |       1       |       *        |
|         187          |     NaN     |       1       |       *        |
|         188          |     NaN     |       1       |       *        |
|         189          |     NaN     |       1       |       *        |
|         190          |     NaN     |       1       |       *        |
|         191          |     NaN     |       0       |       *        |
|         192          |     NaN     |       1       |       *        |
|         193          |     NaN     |       1       |       *        |
|         194          |     NaN     |       1       |       *        |
|         195          |     NaN     |       1       |       *        |
|         196          |     NaN     |       1       |       *        |
|         197          |     NaN     |       0       |       *        |
|         198          |     NaN     |       1       |       *        |
|         199          |     NaN     |       1       |       *        |
|         200          |     NaN     |       1       |       *        |
|         201          |     NaN     |       0       |       *        |
|         202          |     NaN     |       1       |       *        |
|         203          |     NaN     |       1       |       *        |
|         204          |     NaN     |       1       |       *        |
|         205          |     NaN     |       0       |       *        |
|         206          |     NaN     |       1       |       *        |
|         207          |     NaN     |       0       |       *        |
|         208          |     NaN     |       1       |       *        |
|         209          |     NaN     |       1       |       *        |
|         210          |     NaN     |       1       |       *        |
|         211          |     NaN     |       1       |       *        |
|         212          |     NaN     |       1       |       *        |
|         213          |     NaN     |       1       |       *        |
|         214          |     NaN     |       0       |       *        |
|         215          |     NaN     |       1       |       *        |
|         216          |     NaN     |       1       |       *        |
|         217          |     NaN     |       1       |       *        |
|         218          |     NaN     |       1       |       *        |
|         219          |     NaN     |       1       |       *        |
|         220          |     NaN     |       1       |       *        |
|         221          |     NaN     |       1       |       *        |
|         222          |     NaN     |       1       |       *        |
|         223          |     NaN     |       1       |       *        |
|         224          |     NaN     |       1       |       *        |
|         225          |     NaN     |       1       |       *        |
|         226          |     NaN     |       1       |       *        |
|         227          |     NaN     |       1       |       *        |
|         228          |     NaN     |       0       |       *        |
|         229          |     NaN     |       1       |       *        |
|         230          |     NaN     |       1       |       *        |
|         231          |     NaN     |       1       |       *        |
|         232          |     NaN     |       1       |       *        |
|         233          |     NaN     |       1       |       *        |
|         234          |     NaN     |       1       |       *        |
|         235          |     NaN     |       1       |       *        |
|         236          |     NaN     |       1       |       *        |
|         237          |     NaN     |       0       |       *        |
|         238          |     NaN     |       1       |       *        |
|         239          |     NaN     |       1       |       *        |
|         240          |     NaN     |       1       |       *        |
|         241          |     NaN     |       1       |       *        |
|         242          |     NaN     |       1       |       *        |
|         243          |     NaN     |       1       |       *        |
|         244          |     NaN     |       1       |       *        |
|         245          |     NaN     |       1       |       *        |
|         246          |     NaN     |       1       |       *        |
|         247          |     NaN     |       1       |       *        |
|         248          |     NaN     |       1       |       *        |
|         249          |     NaN     |       1       |       *        |
|         250          |     NaN     |       1       |       *        |
|         251          |     NaN     |       1       |       *        |
|         252          |     NaN     |       0       |       *        |
|         253          |     NaN     |       1       |       *        |
|         254          |     NaN     |       1       |       *        |
|         255          |     NaN     |       1       |       *        |
|         256          |     NaN     |       1       |       *        |
|         257          |     NaN     |       1       |       *        |
|         258          |     NaN     |       1       |       *        |
|         259          |     NaN     |       0       |       *        |
|         260          |     NaN     |       1       |       *        |
|         261          |     NaN     |       1       |       *        |
|         262          |     NaN     |       1       |       *        |
|         263          |     NaN     |       1       |       *        |
|         264          |     NaN     |       1       |       *        |
|         265          |     NaN     |       1       |       *        |
|         266          |     NaN     |       1       |       *        |
|         267          |     NaN     |       1       |       *        |
|         268          |     NaN     |       0       |       *        |
|         269          |     NaN     |       1       |       *        |
|         270          |     NaN     |       1       |       *        |
|         271          |     NaN     |       1       |       *        |
|         272          |     NaN     |       1       |       *        |
|         273          |     NaN     |       1       |       *        |
|         274          |     NaN     |       1       |       *        |
|         275          |     NaN     |       1       |       *        |
|         276          |     NaN     |       1       |       *        |
|         277          |     NaN     |       1       |       *        |
|         278          |     NaN     |       0       |       *        |
|         279          |     NaN     |       1       |       *        |
|         280          |     NaN     |       0       |       *        |
|         281          |     NaN     |       1       |       *        |
|         282          |     NaN     |       1       |       *        |
|         283          |     NaN     |       1       |       *        |
|         284          |     NaN     |       1       |       *        |
|         285          |     NaN     |       1       |       *        |
|         286          |     NaN     |       1       |       *        |
|         287          |     NaN     |       1       |       *        |
|         288          |     NaN     |       1       |       *        |
|         289          |     NaN     |       1       |       *        |
|         290          |     NaN     |       1       |       *        |
|         291          |     NaN     |       1       |       *        |
|         292          |     NaN     |       1       |       *        |
|         293          |     NaN     |       1       |       *        |
|         294          |     NaN     |       1       |       *        |
|         295          |     NaN     |       1       |       *        |
|         296          |     NaN     |       1       |       *        |
|         297          |     NaN     |       1       |       *        |
|         298          |     NaN     |       1       |       *        |
|         299          |     NaN     |       1       |       *        |
|         300          |     NaN     |       0       |       *        |
|         301          |     NaN     |       1       |       *        |
|         302          |     NaN     |       0       |       *        |
|         303          |     NaN     |       1       |       *        |
|         304          |     NaN     |       1       |       *        |
|         305          |     NaN     |       1       |       *        |
|         306          |     NaN     |       1       |       *        |
|         307          |     NaN     |       1       |       *        |
|         308          |     NaN     |       1       |       *        |
|         309          |     NaN     |       1       |       *        |
|         310          |     NaN     |       0       |       *        |
|         311          |     NaN     |       1       |       *        |
|         312          |     NaN     |       0       |       *        |
|         313          |     NaN     |       1       |       *        |
|         314          |     NaN     |       1       |       *        |
|         315          |     NaN     |       1       |       *        |
|         316          |     NaN     |       1       |       *        |
|         317          |     NaN     |       1       |       *        |
|         318          |     NaN     |       0       |       *        |
|         319          |     NaN     |       1       |       *        |
|         320          |     NaN     |       0       |       *        |
|         321          |     NaN     |       1       |       *        |
|         322          |     NaN     |       1       |       *        |
|         323          |     NaN     |       1       |       *        |
|         324          |     NaN     |       1       |       *        |
|         325          |     NaN     |       1       |       *        |
|         326          |     NaN     |       1       |       *        |
|         327          |     NaN     |       1       |       *        |
|         328          |     NaN     |       0       |       *        |
|         329          |     NaN     |       1       |       *        |
|         330          |     NaN     |       1       |       *        |
|         331          |     NaN     |       1       |       *        |
|         332          |     NaN     |       1       |       *        |
|         333          |     NaN     |       1       |       *        |
|         334          |     NaN     |       1       |       *        |
|         335          |     NaN     |       1       |       *        |
|         336          |     NaN     |       1       |       *        |
|         337          |     NaN     |       1       |       *        |
|         338          |     NaN     |       1       |       *        |
|         339          |     NaN     |       1       |       *        |
|         340          |     NaN     |       0       |       *        |
|         341          |     NaN     |       1       |       *        |
|         342          |     NaN     |       1       |       *        |
|         343          |     NaN     |       1       |       *        |
|         344          |     NaN     |       1       |       *        |
|         345          |     NaN     |       0       |       *        |
|         346          |     NaN     |       1       |       *        |
|         347          |     NaN     |       1       |       *        |
|         348          |     NaN     |       1       |       *        |
|         349          |     NaN     |       1       |       *        |
|         350          |     NaN     |       1       |       *        |
|         351          |     NaN     |       1       |       *        |
|         352          |     NaN     |       1       |       *        |
|         353          |     NaN     |       1       |       *        |
|         354          |     NaN     |       1       |       *        |
|         355          |     NaN     |       1       |       *        |
|         356          |     NaN     |       1       |       *        |
|         357          |     NaN     |       1       |       *        |
|         358          |     NaN     |       1       |       *        |
|         359          |     NaN     |       1       |       *        |
|         360          |     NaN     |       1       |       *        |
|         361          |     NaN     |       1       |       *        |
|         362          |     NaN     |       0       |       *        |
|         363          |     NaN     |       1       |       *        |
|         364          |     NaN     |       1       |       *        |
|         365          |     NaN     |       1       |       *        |
|         366          |     NaN     |       1       |       *        |
|         367          |     NaN     |       0       |       *        |
|         368          |     NaN     |       0       |       *        |
|         369          |     NaN     |       1       |       *        |
|         370          |     NaN     |       1       |       *        |
|         371          |     NaN     |       1       |       *        |
|         372          |     NaN     |       1       |       *        |
|         373          |     NaN     |       1       |       *        |
|         374          |     NaN     |       1       |       *        |
|         375          |     NaN     |       1       |       *        |
|         376          |     NaN     |       1       |       *        |
|         377          |     NaN     |       0       |       *        |
|         378          |     NaN     |       0       |       *        |
|         379          |     NaN     |       0       |       *        |
|         380          |     NaN     |       1       |       *        |
|         381          |     NaN     |       1       |       *        |
|         382          |     NaN     |       1       |       *        |
|         383          |     NaN     |       1       |       *        |
|         384          |     NaN     |       0       |       *        |
|         385          |     NaN     |       1       |       *        |
|         386          |     NaN     |       1       |       *        |
|         387          |     NaN     |       1       |       *        |
|         388          |     NaN     |       1       |       *        |
|         389          |     NaN     |       1       |       *        |
|         390          |     NaN     |       1       |       *        |
|         391          |     NaN     |       1       |       *        |
|         392          |     NaN     |       1       |       *        |
|         393          |     NaN     |       1       |       *        |
|         394          |     NaN     |       1       |       *        |
|         395          |     NaN     |       1       |       *        |
|         396          |     NaN     |       1       |       *        |
|         397          |     NaN     |       1       |       *        |
|         398          |     NaN     |       1       |       *        |
|         399          |     NaN     |       1       |       *        |
|         400          |     NaN     |       1       |       *        |
|         401          |     NaN     |       1       |       *        |
|         402          |     NaN     |       1       |       *        |
|         403          |     NaN     |       1       |       *        |
|         404          |     NaN     |       0       |       *        |
|         405          |     NaN     |       1       |       *        |
|         406          |     NaN     |       1       |       *        |
|         407          |     NaN     |       1       |       *        |
|         408          |     NaN     |       1       |       *        |
|         409          |     NaN     |       0       |       *        |
|         410          |     NaN     |       1       |       *        |
|         411          |     NaN     |       0       |       *        |
|         412          |     NaN     |       0       |       *        |
|         413          |     NaN     |       1       |       *        |
|         414          |     NaN     |       1       |       *        |
|         415          |     NaN     |       0       |       *        |
|         416          |     NaN     |       1       |       *        |
|         417          |     NaN     |       1       |       *        |
|         418          |     NaN     |       1       |       *        |
|         419          |     NaN     |       1       |       *        |
|         420          |     NaN     |       1       |       *        |
|         421          |     NaN     |       1       |       *        |
|         422          |     NaN     |       1       |       *        |
|         423          |     NaN     |       1       |       *        |
|         424          |     NaN     |       1       |       *        |
|         425          |     NaN     |       1       |       *        |
|         426          |     NaN     |       1       |       *        |
|         427          |     NaN     |       1       |       *        |
|         428          |     NaN     |       1       |       *        |
|         429          |     NaN     |       1       |       *        |
|         430          |     NaN     |       1       |       *        |
|         431          |     NaN     |       1       |       *        |
|         432          |     NaN     |       1       |       *        |
|         433          |     NaN     |       1       |       *        |
|         434          |     NaN     |       1       |       *        |
|         435          |     NaN     |       1       |       *        |
|         436          |     NaN     |       1       |       *        |
|         437          |     NaN     |       1       |       *        |
|         438          |     NaN     |       1       |       *        |
|         439          |     NaN     |       1       |       *        |
|         440          |     NaN     |       1       |       *        |
|         441          |     NaN     |       1       |       *        |
|         442          |     NaN     |       1       |       *        |
|         443          |     NaN     |       1       |       *        |
|         444          |     NaN     |       0       |       *        |
|         445          |     NaN     |       1       |       *        |
|         446          |     NaN     |       0       |       *        |
|         447          |     NaN     |       1       |       *        |
|         448          |     NaN     |       1       |       *        |
|         449          |     NaN     |       1       |       *        |
|         450          |     NaN     |       1       |       *        |
|         451          |     NaN     |       1       |       *        |
|         452          |     NaN     |       1       |       *        |
|         453          |     NaN     |       1       |       *        |
|         454          |     NaN     |       1       |       *        |
|         455          |     NaN     |       1       |       *        |
|         456          |     NaN     |       1       |       *        |
|         457          |     NaN     |       1       |       *        |
|         458          |     NaN     |       0       |       *        |
|         459          |     NaN     |       1       |       *        |
|         460          |     NaN     |       1       |       *        |
|         461          |     NaN     |       1       |       *        |
|         462          |     NaN     |       1       |       *        |
|         463          |     NaN     |       1       |       *        |
|         464          |     NaN     |       1       |       *        |
|         465          |     NaN     |       1       |       *        |
|         466          |     NaN     |       1       |       *        |
|         467          |     NaN     |       1       |       *        |
|         468          |     NaN     |       1       |       *        |
|         469          |     NaN     |       0       |       *        |
|         470          |     NaN     |       1       |       *        |
|         471          |     NaN     |       1       |       *        |
|         472          |     NaN     |       1       |       *        |
|         473          |     NaN     |       1       |       *        |
|         474          |     NaN     |       1       |       *        |
|         475          |     NaN     |       1       |       *        |
|         476          |     NaN     |       1       |       *        |
|         477          |     NaN     |       1       |       *        |
|         478          |     NaN     |       1       |       *        |
|         479          |     NaN     |       1       |       *        |
|         480          |     NaN     |       1       |       *        |
|         481          |     NaN     |       0       |       *        |
|         482          |     NaN     |       1       |       *        |
|         483          |     NaN     |       1       |       *        |
|         484          |     NaN     |       1       |       *        |
|         485          |     NaN     |       1       |       *        |
|         486          |     NaN     |       1       |       *        |
|         487          |     NaN     |       1       |       *        |
|         488          |     NaN     |       1       |       *        |
|         489          |     NaN     |       1       |       *        |
|         490          |     NaN     |       1       |       *        |
|         491          |     NaN     |       0       |       *        |
|         492          |     NaN     |       1       |       *        |
|         493          |     NaN     |       1       |       *        |
|         494          |     NaN     |       1       |       *        |
|         495          |     NaN     |       1       |       *        |
|         496          |     NaN     |       1       |       *        |
|         497          |     NaN     |       1       |       *        |
|         498          |     NaN     |       1       |       *        |
|         499          |     NaN     |       1       |       *        |
|         500          |     NaN     |       1       |       *        |
|         501          |     NaN     |       1       |       *        |
|         502          |     NaN     |       1       |       *        |
|         503          |     NaN     |       1       |       *        |
|         504          |     NaN     |       1       |       *        |
|         505          |     NaN     |       1       |       *        |
|         506          |     NaN     |       1       |       *        |
|         507          |     NaN     |       1       |       *        |
|         508          |     NaN     |       1       |       *        |
|         509          |     NaN     |       1       |       *        |
|         510          |     NaN     |       1       |       *        |
|         511          |     NaN     |       1       |       *        |
|         512          |     NaN     |       1       |       *        |
|         513          |     NaN     |       1       |       *        |
|         514          |     NaN     |       0       |       *        |
|         515          |     NaN     |       1       |       *        |
|         516          |     NaN     |       1       |       *        |
|         517          |     NaN     |       1       |       *        |
|         518          |     NaN     |       1       |       *        |
|         519          |     NaN     |       0       |       *        |
|         520          |     NaN     |       1       |       *        |
|         521          |     NaN     |       1       |       *        |
|         522          |     NaN     |       1       |       *        |
|         523          |     NaN     |       1       |       *        |
|         524          |     NaN     |       1       |       *        |
|         525          |     NaN     |       1       |       *        |
|         526          |     NaN     |       1       |       *        |
|         527          |     NaN     |       1       |       *        |
|         528          |     NaN     |       1       |       *        |
|         529          |     NaN     |       1       |       *        |
|         530          |     NaN     |       1       |       *        |
|         531          |     NaN     |       0       |       *        |
|         532          |     NaN     |       1       |       *        |
|         533          |     NaN     |       1       |       *        |
|         534          |     NaN     |       1       |       *        |
|         535          |     NaN     |       1       |       *        |
|         536          |     NaN     |       1       |       *        |
|         537          |     NaN     |       1       |       *        |
|         538          |     NaN     |       1       |       *        |
|         539          |     NaN     |       1       |       *        |
|         540          |     NaN     |       1       |       *        |
|         541          |     NaN     |       1       |       *        |
|         542          |     NaN     |       1       |       *        |
|         543          |     NaN     |       1       |       *        |
|         544          |     NaN     |       1       |       *        |
|         545          |     NaN     |       0       |       *        |
|         546          |     NaN     |       1       |       *        |
|         547          |     NaN     |       1       |       *        |
|         548          |     NaN     |       1       |       *        |
|         549          |     NaN     |       1       |       *        |
|         550          |     NaN     |       1       |       *        |
|         551          |     NaN     |       1       |       *        |
|         552          |     NaN     |       1       |       *        |
|         553          |     NaN     |       1       |       *        |
|         554          |     NaN     |       1       |       *        |
|         555          |     NaN     |       1       |       *        |
|         556          |     NaN     |       1       |       *        |
|         557          |     NaN     |       0       |       *        |
|         558          |     NaN     |       1       |       *        |
|         559          |     NaN     |       1       |       *        |
|         560          |     NaN     |       1       |       *        |
|         561          |     NaN     |       1       |       *        |
|         562          |     NaN     |       1       |       *        |
|         563          |     NaN     |       1       |       *        |
|         564          |     NaN     |       0       |       *        |
|         565          |     NaN     |       1       |       *        |
|         566          |     NaN     |       1       |       *        |
|         567          |     NaN     |       0       |       *        |
|         568          |     NaN     |       1       |       *        |
|         569          |     NaN     |       1       |       *        |
|         570          |     NaN     |       1       |       *        |
|         571          |     NaN     |       0       |       *        |
|         572          |     NaN     |       1       |       *        |
|         573          |     NaN     |       1       |       *        |
|         574          |     NaN     |       1       |       *        |
|         575          |     NaN     |       1       |       *        |
|         576          |     NaN     |       1       |       *        |
|         577          |     NaN     |       1       |       *        |
|         578          |     NaN     |       1       |       *        |
|         579          |     NaN     |       0       |       *        |
|         580          |     NaN     |       1       |       *        |
|         581          |     NaN     |       1       |       *        |
|         582          |     NaN     |       1       |       *        |
|         583          |     NaN     |       1       |       *        |
|         584          |     NaN     |       1       |       *        |
|         585          |     NaN     |       1       |       *        |
|         586          |     NaN     |       1       |       *        |
|         587          |     NaN     |       1       |       *        |
|         588          |     NaN     |       1       |       *        |
|         589          |     NaN     |       1       |       *        |
|         590          |     NaN     |       1       |       *        |
|         591          |     NaN     |       1       |       *        |
|         592          |     NaN     |       1       |       *        |
|         593          |     NaN     |       1       |       *        |
|         594          |     NaN     |       1       |       *        |
|         595          |     NaN     |       1       |       *        |
|         596          |     NaN     |       1       |       *        |
|         597          |     NaN     |       1       |       *        |
|         598          |     NaN     |       1       |       *        |
|         599          |     NaN     |       1       |       *        |
|         600          |     NaN     |       1       |       *        |
|         601          |     NaN     |       0       |       *        |
|         602          |     NaN     |       1       |       *        |
|         603          |     NaN     |       1       |       *        |
|         604          |     NaN     |       1       |       *        |
|         605          |     NaN     |       1       |       *        |
|         606          |     NaN     |       1       |       *        |
|         607          |     NaN     |       1       |       *        |
|         608          |     NaN     |       0       |       *        |
|         609          |     NaN     |       1       |       *        |
|         610          |     NaN     |       1       |       *        |
|         611          |     NaN     |       1       |       *        |
|         612          |     NaN     |       1       |       *        |
|         613          |     NaN     |       1       |       *        |
|         614          |     NaN     |       1       |       *        |
|         615          |     NaN     |       1       |       *        |
|         616          |     NaN     |       1       |       *        |
|         617          |     NaN     |       1       |       *        |
|         618          |     NaN     |       1       |       *        |
|         619          |     NaN     |       1       |       *        |
|         620          |     NaN     |       0       |       *        |
|         621          |     NaN     |       1       |       *        |
|         622          |     NaN     |       1       |       *        |
|         623          |     NaN     |       1       |       *        |
|         624          |     NaN     |       1       |       *        |
|         625          |     NaN     |       1       |       *        |
|         626          |     NaN     |       1       |       *        |
|         627          |     NaN     |       0       |       *        |
|         628          |     NaN     |       1       |       *        |
|         629          |     NaN     |       1       |       *        |
|         630          |     NaN     |       1       |       *        |
|         631          |     NaN     |       1       |       *        |
|         632          |     NaN     |       0       |       *        |
|         633          |     NaN     |       1       |       *        |
|         634          |     NaN     |       0       |       *        |
|         635          |     NaN     |       0       |       *        |
|         636          |     NaN     |       1       |       *        |
|         637          |     NaN     |       1       |       *        |
|         638          |     NaN     |       1       |       *        |
|         639          |     NaN     |       1       |       *        |
|         640          |     NaN     |       1       |       *        |
|         641          |     NaN     |       0       |       *        |
|         642          |     NaN     |       1       |       *        |
|         643          |     NaN     |       1       |       *        |
|         644          |     NaN     |       1       |       *        |
|         645          |     NaN     |       1       |       *        |
|         646          |     NaN     |       0       |       *        |
|         647          |     NaN     |       1       |       *        |
|         648          |     NaN     |       1       |       *        |
|         649          |     NaN     |       1       |       *        |
|         650          |     NaN     |       1       |       *        |
|         651          |     NaN     |       1       |       *        |
|         652          |     NaN     |       1       |       *        |
|         653          |     NaN     |       1       |       *        |
|         654          |     NaN     |       1       |       *        |
|         655          |     NaN     |       1       |       *        |
|         656          |     NaN     |       1       |       *        |
|         657          |     NaN     |       1       |       *        |
|         658          |     NaN     |       1       |       *        |
|         659          |     NaN     |       1       |       *        |
|         660          |     NaN     |       1       |       *        |
|         661          |     NaN     |       1       |       *        |
|         662          |     NaN     |       1       |       *        |
|         663          |     NaN     |       1       |       *        |
|         664          |     NaN     |       1       |       *        |
|         665          |     NaN     |       1       |       *        |
|         666          |     NaN     |       1       |       *        |
|         667          |     NaN     |       1       |       *        |
|         668          |     NaN     |       1       |       *        |
|         669          |     NaN     |       0       |       *        |
|         670          |     NaN     |       1       |       *        |
|         671          |     NaN     |       1       |       *        |
|         672          |     NaN     |       1       |       *        |
|         673          |     NaN     |       1       |       *        |
|         674          |     NaN     |       1       |       *        |
|         675          |     NaN     |       1       |       *        |
|         676          |     NaN     |       1       |       *        |
|         677          |     NaN     |       1       |       *        |
|         678          |     NaN     |       1       |       *        |
|         679          |     NaN     |       1       |       *        |
|         680          |     NaN     |       1       |       *        |
|         681          |     NaN     |       1       |       *        |
|         682          |     NaN     |       1       |       *        |
|         683          |     NaN     |       1       |       *        |
|         684          |     NaN     |       1       |       *        |
|         685          |     NaN     |       1       |       *        |
|         686          |     NaN     |       1       |       *        |
|         687          |     NaN     |       1       |       *        |
|         688          |     NaN     |       1       |       *        |
|         689          |     NaN     |       1       |       *        |
|         690          |     NaN     |       1       |       *        |
|         691          |     NaN     |       1       |       *        |
|         692          |     NaN     |       0       |       *        |
|         693          |     NaN     |       1       |       *        |
|         694          |     NaN     |       1       |       *        |
|         695          |     NaN     |       1       |       *        |
|         696          |     NaN     |       1       |       *        |
|         697          |     NaN     |       1       |       *        |
|         698          |     NaN     |       1       |       *        |
|         699          |     NaN     |       1       |       *        |
|         700          |     NaN     |       1       |       *        |
|         701          |     NaN     |       1       |       *        |
|         702          |     NaN     |       1       |       *        |
|         703          |     NaN     |       1       |       *        |
|         704          |     NaN     |       1       |       *        |
|         705          |     NaN     |       1       |       *        |
|         706          |     NaN     |       0       |       *        |
|         707          |     NaN     |       1       |       *        |
|         708          |     NaN     |       1       |       *        |
|         709          |     NaN     |       1       |       *        |
|         710          |     NaN     |       1       |       *        |
|         711          |     NaN     |       1       |       *        |
|         712          |     NaN     |       1       |       *        |
|         713          |     NaN     |       1       |       *        |
|         714          |     NaN     |       0       |       *        |
|         715          |     NaN     |       1       |       *        |
|         716          |     NaN     |       0       |       *        |
|         717          |     NaN     |       1       |       *        |
|         718          |     NaN     |       1       |       *        |
|         719          |     NaN     |       1       |       *        |
|         720          |     NaN     |       1       |       *        |
|         721          |     NaN     |       1       |       *        |
|         722          |     NaN     |       1       |       *        |
|         723          |     NaN     |       1       |       *        |
|         724          |     NaN     |       1       |       *        |
|         725          |     NaN     |       1       |       *        |
|         726          |     NaN     |       1       |       *        |
|         727          |     NaN     |       1       |       *        |
|         728          |     NaN     |       1       |       *        |
|         729          |     NaN     |       1       |       *        |
|         730          |     NaN     |       1       |       *        |
|         731          |     NaN     |       1       |       *        |
|         732          |     NaN     |       1       |       *        |
|         733          |     NaN     |       1       |       *        |
|         734          |     NaN     |       1       |       *        |
|         735          |     NaN     |       0       |       *        |
|         736          |     NaN     |       1       |       *        |
|         737          |     NaN     |       1       |       *        |
|         738          |     NaN     |       1       |       *        |
|         739          |     NaN     |       0       |       *        |
|         740          |     NaN     |       1       |       *        |
|         741          |     NaN     |       1       |       *        |
|         742          |     NaN     |       1       |       *        |
|         743          |     NaN     |       1       |       *        |
|         744          |     NaN     |       1       |       *        |
|         745          |     NaN     |       1       |       *        |
|         746          |     NaN     |       1       |       *        |
|         747          |     NaN     |       1       |       *        |
|         748          |     NaN     |       1       |       *        |
|         749          |     NaN     |       1       |       *        |
|         750          |     NaN     |       1       |       *        |
|         751          |     NaN     |       1       |       *        |
|         752          |     NaN     |       1       |       *        |
|         753          |     NaN     |       0       |       *        |
|         754          |     NaN     |       1       |       *        |
|         755          |     NaN     |       1       |       *        |
|         756          |     NaN     |       1       |       *        |
|         757          |     NaN     |       1       |       *        |
|         758          |     NaN     |       1       |       *        |
|         759          |     NaN     |       1       |       *        |
|         760          |     NaN     |       1       |       *        |
|         761          |     NaN     |       1       |       *        |
|         762          |     NaN     |       1       |       *        |
|         763          |     NaN     |       1       |       *        |
|         764          |     NaN     |       1       |       *        |
|         765          |     NaN     |       1       |       *        |
|         766          |     NaN     |       1       |       *        |
|         767          |     NaN     |       1       |       *        |
|         768          |     NaN     |       1       |       *        |
|         769          |     NaN     |       1       |       *        |
|         770          |     NaN     |       1       |       *        |
|         771          |     NaN     |       1       |       *        |
|         772          |     NaN     |       1       |       *        |
|         773          |     NaN     |       1       |       *        |
|         774          |     NaN     |       1       |       *        |
|         775          |     NaN     |       0       |       *        |
|         776          |     NaN     |       1       |       *        |
|         777          |     NaN     |       1       |       *        |
|         778          |     NaN     |       1       |       *        |
|         779          |     NaN     |       1       |       *        |
|         780          |     NaN     |       1       |       *        |
|         781          |     NaN     |       1       |       *        |
|         782          |     NaN     |       1       |       *        |
|         783          |     NaN     |       1       |       *        |
|         784          |     NaN     |       0       |       *        |
|         785          |     NaN     |       0       |       *        |
|         786          |     NaN     |       1       |       *        |
|         787          |     NaN     |       1       |       *        |
|         788          |     NaN     |       1       |       *        |
|         789          |     NaN     |       1       |       *        |
|         790          |     NaN     |       0       |       *        |
|         791          |     NaN     |       1       |       *        |
|         792          |     NaN     |       1       |       *        |
|         793          |     NaN     |       1       |       *        |
|         794          |     NaN     |       1       |       *        |
|         795          |     NaN     |       1       |       *        |
|         796          |     NaN     |       1       |       *        |
|         797          |     NaN     |       1       |       *        |
|         798          |     NaN     |       1       |       *        |
|         799          |     NaN     |       1       |       *        |
|         800          |     NaN     |       1       |       *        |
|         801          |     NaN     |       1       |       *        |
|         802          |     NaN     |       1       |       *        |
|         803          |     NaN     |       0       |       *        |
|         804          |     NaN     |       1       |       *        |
|         805          |     NaN     |       1       |       *        |
|         806          |     NaN     |       1       |       *        |
|         807          |     NaN     |       1       |       *        |
|         808          |     NaN     |       0       |       *        |
|         809          |     NaN     |       1       |       *        |
|         810          |     NaN     |       0       |       *        |
|         811          |     NaN     |       1       |       *        |
|         812          |     NaN     |       1       |       *        |
|         813          |     NaN     |       1       |       *        |
|         814          |     NaN     |       1       |       *        |
|         815          |     NaN     |       1       |       *        |
|         816          |     NaN     |       1       |       *        |
|         817          |     NaN     |       1       |       *        |
|         818          |     NaN     |       1       |       *        |
|         819          |     NaN     |       1       |       *        |
|         820          |     NaN     |       1       |       *        |
|         821          |     NaN     |       0       |       *        |
|         822          |     NaN     |       1       |       *        |
|         823          |     NaN     |       0       |       *        |
|         824          |     NaN     |       1       |       *        |
|         825          |     NaN     |       1       |       *        |
|         826          |     NaN     |       1       |       *        |
|         827          |     NaN     |       1       |       *        |
|         828          |     NaN     |       1       |       *        |
|         829          |     NaN     |       1       |       *        |
|         830          |     NaN     |       1       |       *        |
|         831          |     NaN     |       1       |       *        |
|         832          |     NaN     |       1       |       *        |
|         833          |     NaN     |       1       |       *        |
|         834          |     NaN     |       1       |       *        |
|         835          |     NaN     |       1       |       *        |
|         836          |     NaN     |       1       |       *        |
|         837          |     NaN     |       1       |       *        |
|         838          |     NaN     |       0       |       *        |
|         839          |     NaN     |       1       |       *        |
|         840          |     NaN     |       1       |       *        |
|         841          |     NaN     |       1       |       *        |
|         842          |     NaN     |       1       |       *        |
|         843          |     NaN     |       1       |       *        |
|         844          |     NaN     |       1       |       *        |
|         845          |     NaN     |       1       |       *        |
|         846          |     NaN     |       1       |       *        |
|         847          |     NaN     |       1       |       *        |
|         848          |     NaN     |       1       |       *        |
|         849          |     NaN     |       1       |       *        |
|         850          |     NaN     |       1       |       *        |
|         851          |     NaN     |       1       |       *        |
|         852          |     NaN     |       1       |       *        |
|         853          |     NaN     |       1       |       *        |
|         854          |     NaN     |       1       |       *        |
|         855          |     NaN     |       1       |       *        |
|         856          |     NaN     |       1       |       *        |
|         857          |     NaN     |       1       |       *        |
|         858          |     NaN     |       0       |       *        |
|         859          |     NaN     |       1       |       *        |
|         860          |     NaN     |       0       |       *        |
|         861          |     NaN     |       1       |       *        |
|         862          |     NaN     |       1       |       *        |
|         863          |     NaN     |       0       |       *        |
|         864          |     NaN     |       1       |       *        |
|         865          |     NaN     |       0       |       *        |
|         866          |     NaN     |       1       |       *        |
|         867          |     NaN     |       1       |       *        |
|         868          |     NaN     |       0       |       *        |
|         869          |     NaN     |       1       |       *        |
|         870          |     NaN     |       1       |       *        |
|         871          |     NaN     |       1       |       *        |
|         872          |     NaN     |       1       |       *        |
|         873          |     NaN     |       1       |       *        |
|         874          |     NaN     |       0       |       *        |
|         875          |     NaN     |       1       |       *        |
|         876          |     NaN     |       1       |       *        |
|         877          |     NaN     |       1       |       *        |
|         878          |     NaN     |       1       |       *        |
|         879          |     NaN     |       1       |       *        |
|         880          |     NaN     |       1       |       *        |
|         881          |     NaN     |       1       |       *        |
|         882          |     NaN     |       0       |       *        |
|         883          |     NaN     |       1       |       *        |
|         884          |     NaN     |       1       |       *        |
|         885          |     NaN     |       0       |       *        |
|         886          |     NaN     |       1       |       *        |
|         887          |     NaN     |       1       |       *        |
|         888          |     NaN     |       1       |       *        |
|         889          |     NaN     |       0       |       *        |
|         890          |     NaN     |       1       |       *        |
|         891          |     NaN     |       1       |       *        |
|         892          |     NaN     |       1       |       *        |
|         893          |     NaN     |       1       |       *        |
|         894          |     NaN     |       1       |       *        |
|         895          |     NaN     |       1       |       *        |
|         896          |     NaN     |       0       |       *        |
|         897          |     NaN     |       1       |       *        |
|         898          |     NaN     |       1       |       *        |
|         899          |     NaN     |       1       |       *        |
|         900          |     NaN     |       0       |       *        |
|         901          |     NaN     |       1       |       *        |
|         902          |     NaN     |       1       |       *        |
|         903          |     NaN     |       1       |       *        |
|         904          |     NaN     |       1       |       *        |
|         905          |     NaN     |       1       |       *        |
|         906          |     NaN     |       1       |       *        |
|         907          |     NaN     |       1       |       *        |
|         908          |     NaN     |       0       |       *        |
|         909          |     NaN     |       1       |       *        |
|         910          |     NaN     |       1       |       *        |
|         911          |     NaN     |       1       |       *        |
|         912          |     NaN     |       1       |       *        |
|         913          |     NaN     |       1       |       *        |
|         914          |     NaN     |       1       |       *        |
|         915          |     NaN     |       1       |       *        |
|         916          |     NaN     |       1       |       *        |
|         917          |     NaN     |       1       |       *        |
|         918          |     NaN     |       1       |       *        |
|         919          |     NaN     |       1       |       *        |
|         920          |     NaN     |       1       |       *        |
|         921          |     NaN     |       1       |       *        |
|         922          |     NaN     |       1       |       *        |
|         923          |     NaN     |       0       |       *        |
|         924          |     NaN     |       1       |       *        |
|         925          |     NaN     |       1       |       *        |
|         926          |     NaN     |       1       |       *        |
|         927          |     NaN     |       1       |       *        |
|         928          |     NaN     |       1       |       *        |
|         929          |     NaN     |       1       |       *        |
|         930          |     NaN     |       1       |       *        |
|         931          |     NaN     |       1       |       *        |
|         932          |     NaN     |       1       |       *        |
|         933          |     NaN     |       1       |       *        |
|         934          |     NaN     |       1       |       *        |
|         935          |     NaN     |       1       |       *        |
|         936          |     NaN     |       1       |       *        |
|         937          |     NaN     |       1       |       *        |
|         938          |     NaN     |       0       |       *        |
|         939          |     NaN     |       1       |       *        |
|         940          |     NaN     |       1       |       *        |
|         941          |     NaN     |       1       |       *        |
|         942          |     NaN     |       1       |       *        |
|         943          |     NaN     |       1       |       *        |
|         944          |     NaN     |       1       |       *        |
|         945          |     NaN     |       1       |       *        |
|         946          |     NaN     |       1       |       *        |
|         947          |     NaN     |       1       |       *        |
|         948          |     NaN     |       1       |       *        |
|         949          |     NaN     |       1       |       *        |
|         950          |     NaN     |       1       |       *        |
|         951          |     NaN     |       1       |       *        |
|         952          |     NaN     |       1       |       *        |
|         953          |     NaN     |       1       |       *        |
|         954          |     NaN     |       1       |       *        |
|         955          |     NaN     |       1       |       *        |
|         956          |     NaN     |       0       |       *        |
|         957          |     NaN     |       1       |       *        |
|         958          |     NaN     |       1       |       *        |
|         959          |     NaN     |       1       |       *        |
|         960          |     NaN     |       1       |       *        |
|         961          |     NaN     |       1       |       *        |
|         962          |     NaN     |       1       |       *        |
|         963          |     NaN     |       1       |       *        |
|         964          |     NaN     |       1       |       *        |
|         965          |     NaN     |       1       |       *        |
|         966          |     NaN     |       1       |       *        |
|         967          |     NaN     |       1       |       *        |
|         968          |     NaN     |       0       |       *        |
|         969          |     NaN     |       0       |       *        |
|         970          |     NaN     |       1       |       *        |
|         971          |     NaN     |       0       |       *        |
|         972          |     NaN     |       1       |       *        |
|         973          |     NaN     |       1       |       *        |
|         974          |     NaN     |       1       |       *        |
|         975          |     NaN     |       1       |       *        |
|         976          |     NaN     |       1       |       *        |
|         977          |     NaN     |       1       |       *        |
|         978          |     NaN     |       1       |       *        |
|         979          |     NaN     |       1       |       *        |
|         980          |     NaN     |       1       |       *        |
|         981          |     NaN     |       1       |       *        |
|         982          |     NaN     |       1       |       *        |
|         983          |     NaN     |       1       |       *        |
|         984          |     NaN     |       1       |       *        |
|         985          |     NaN     |       1       |       *        |
|         986          |     NaN     |       0       |       *        |
|         987          |     NaN     |       0       |       *        |
|         988          |     NaN     |       1       |       *        |
|         989          |     NaN     |       1       |       *        |
|         990          |     NaN     |       1       |       *        |
|         991          |     NaN     |       1       |       *        |
|         992          |     NaN     |       1       |       *        |
|         993          |     NaN     |       1       |       *        |
|         994          |     NaN     |       1       |       *        |
|         995          |     NaN     |       1       |       *        |
|         996          |     NaN     |       1       |       *        |
|         997          |     NaN     |       1       |       *        |
|         998          |     NaN     |       1       |       *        |
|         999          |     NaN     |       1       |       *        |
|        1000          |     NaN     |       1       |       *        |
|        1001          |     NaN     |       1       |       *        |
|        1002          |     NaN     |       0       |       *        |
|        1003          |     NaN     |       1       |       *        |
|        1004          |     NaN     |       1       |       *        |
|        1005          |     NaN     |       0       |       *        |
|        1006          |     NaN     |       1       |       *        |
|        1007          |     NaN     |       1       |       *        |
|        1008          |     NaN     |       0       |       *        |
|        1009          |     NaN     |       1       |       *        |
|        1010          |     NaN     |       1       |       *        |
|        1011          |     NaN     |       1       |       *        |
|        1012          |     NaN     |       1       |       *        |
|        1013          |     NaN     |       1       |       *        |
|        1014          |     NaN     |       1       |       *        |
|        1015          |     NaN     |       1       |       *        |
|        1016          |     NaN     |       1       |       *        |
|        1017          |     NaN     |       1       |       *        |
|        1018          |     NaN     |       1       |       *        |
|        1019          |     NaN     |       1       |       *        |
|        1020          |     NaN     |       1       |       *        |
|        1021          |     NaN     |       0       |       *        |
|        1022          |     NaN     |       1       |       *        |
|        1023          |     NaN     |       1       |       *        |
|        1024          |     NaN     |       1       |       *        |
|        1025          |     NaN     |       1       |       *        |
|        1026          |     NaN     |       0       |       *        |
|        1027          |     NaN     |       1       |       *        |
|        1028          |     NaN     |       1       |       *        |
|        1029          |     NaN     |       1       |       *        |
|        1030          |     NaN     |       1       |       *        |
|        1031          |     NaN     |       1       |       *        |
|        1032          |     NaN     |       0       |       *        |
|        1033          |     NaN     |       1       |       *        |
|        1034          |     NaN     |       1       |       *        |
|        1035          |     NaN     |       1       |       *        |
|        1036          |     NaN     |       1       |       *        |
|        1037          |     NaN     |       1       |       *        |
|        1038          |     NaN     |       1       |       *        |
|        1039          |     NaN     |       1       |       *        |
|        1040          |     NaN     |       1       |       *        |
|        1041          |     NaN     |       1       |       *        |
|        1042          |     NaN     |       1       |       *        |
|        1043          |     NaN     |       1       |       *        |
|        1044          |     NaN     |       1       |       *        |
|        1045          |     NaN     |       1       |       *        |
|        1046          |     NaN     |       1       |       *        |
|        1047          |     NaN     |       1       |       *        |
|        1048          |     NaN     |       0       |       *        |
|        1049          |     NaN     |       1       |       *        |
|        1050          |     NaN     |       1       |       *        |
|        1051          |     NaN     |       1       |       *        |
|        1052          |     NaN     |       0       |       *        |
|        1053          |     NaN     |       1       |       *        |
|        1054          |     NaN     |       0       |       *        |
|        1055          |     NaN     |       1       |       *        |
|        1056          |     NaN     |       1       |       *        |
|        1057          |     NaN     |       1       |       *        |
|        1058          |     NaN     |       1       |       *        |
|        1059          |     NaN     |       1       |       *        |
|        1060          |     NaN     |       1       |       *        |
|        1061          |     NaN     |       1       |       *        |
|        1062          |     NaN     |       1       |       *        |
|        1063          |     NaN     |       1       |       *        |
|        1064          |     NaN     |       1       |       *        |
|        1065          |     NaN     |       0       |       *        |
|        1066          |     NaN     |       1       |       *        |
|        1067          |     NaN     |       1       |       *        |
|        1068          |     NaN     |       1       |       *        |
|        1069          |     NaN     |       1       |       *        |
|        1070          |     NaN     |       1       |       *        |
|        1071          |     NaN     |       0       |       *        |
|        1072          |     NaN     |       1       |       *        |
|        1073          |     NaN     |       1       |       *        |
|        1074          |     NaN     |       1       |       *        |
|        1075          |     NaN     |       1       |       *        |
|        1076          |     NaN     |       1       |       *        |
|        1077          |     NaN     |       1       |       *        |
|        1078          |     NaN     |       0       |       *        |
|        1079          |     NaN     |       0       |       *        |
|        1080          |     NaN     |       1       |       *        |
|        1081          |     NaN     |       1       |       *        |
|        1082          |     NaN     |       1       |       *        |
|        1083          |     NaN     |       1       |       *        |
|        1084          |     NaN     |       1       |       *        |
|        1085          |     NaN     |       0       |       *        |
|        1086          |     NaN     |       1       |       *        |
|        1087          |     NaN     |       1       |       *        |
|        1088          |     NaN     |       1       |       *        |
|        1089          |     NaN     |       1       |       *        |
|        1090          |     NaN     |       1       |       *        |
|        1091          |     NaN     |       1       |       *        |
|        1092          |     NaN     |       0       |       *        |
|        1093          |     NaN     |       1       |       *        |
|        1094          |     NaN     |       1       |       *        |
|        1095          |     NaN     |       1       |       *        |
|        1096          |     NaN     |       1       |       *        |
|        1097          |     NaN     |       0       |       *        |
|        1098          |     NaN     |       1       |       *        |
|        1099          |     NaN     |       1       |       *        |
|        1100          |     NaN     |       1       |       *        |
-----------------------------------------------------------------------
EGINDAKO PREDIZIO KOP= 1100
